0000001100 0000111101
1111100011 0000101100
0000101011 0000011110
0000000101 0000000110
1110001101 1110101111
1101011011 0010011001
0000000100 1111011100
1111100101 0100000101
1110111111 0010001111
0000000001 1011111100
1111010011 0001101100
1110101011 0010100101
1111111011 0001011101
0000010111 0001010110
1101111000 1111010110
1110000001 0000101100
1111000100 1111010001
0001001110 1110100111
0000010110 1110010101
1110111101 0000110001
1111100110 0000101110
1101100001 1111000010
1101110110 0001001111
1111100000 0011011011
0001001010 1101010001
0010111110 1111100000
1101100011 0001011110
1111000000 0000101100
0001111000 1111111000
0000101000 0001111111
1111010011 0001101000
0010110111 0000100011
0000100000 0001011001
0010011000 1111001111
0001011011 0001001010
0000110101 1101111011
1110101100 1110110000
1110011111 0001000010
1101001101 1101101011
0001000010 1101001111
0001100011 0000110000
0001100111 1111011000
1111011101 1111110010
0011101001 1110101000
1110111111 1110010010
0000000001 1111101010
0000001010 0001010101
0001100101 0011110100
1110101101 1101001001
1111010111 1111011110
1111110011 1101001110
1101111100 1111010101
0001111111 0001000100
1111001111 0010100111
1111001000 1111111011
0010011001 0000110000
0000101000 1110000000
0000101001 1110111010
1111110111 1110111110
0010110101 0000100110
1011011111 1111010111
1101110001 1110100101
1110111110 1110001011
1110101011 1111100000
1101111010 1111110011
1110001111 0001000111
1101010111 1111000001
1110011001 1110110100
1111111111 0000100000
1101110011 0001110001
0000011010 0000100101
0011000100 1110111101
1100001011 1110001001
1111110110 0001101110
1111110011 1100001000
0010011100 1111011011
1111110001 1111110111
0001001110 1110110100
0010011100 1111100100
0000111110 0000110000
