1011110001 0110110111
0110000111 0110010100
1110101111 1101000101
0101111100 0001111000
0010100011 1000010101
1011110100 1111010111
1100100100 0010011101
0000001010 0001011000
1001000111 0101010011
1110100000 1101010001
0111101111 0110011000
0100101001 0100110010
1111000000 0100001011
1010111011 0111001001
1011110000 1110111100
1110001111 1001111110
1010000001 0001011000
0111100110 0100110111
0111000010 0000101110
1011101101 1100101100
1111101010 1101101111
1101001011 1101001110
1001111010 0000001000
1101011011 1011011000
0101010110 0010111110
0101100001 1000101110
0101111110 1011110001
1100011001 1111111100
1010011010 1101100000
1001011001 1110100110
0110011110 1000010010
0001110110 1110011000
0000100010 1010011001
0010000000 0111101110
1011011100 0000010100
0011001100 0010110100
1011000101 0011100100
1010101000 0110000011
0101101100 0010010101
0111011101 1010000100
0110111110 0001100100
0111101011 0111110110
0100010101 1010010100
0101001101 0010010011
1001010010 1110101101
0000100110 1011101101
1101100010 0001100000
1100110100 0100000110
1110100001 1101011111
0101111000 1000011100
1111110010 1111010110
1010000000 1001100011
0000101101 1001001011
1000111100 0001000001
0011110010 0010110100
1010000001 1101010000
1010110101 1000000010
0010011011 0011111101
1111111100 1101001000
0101110101 0011010011
1011000011 1100111010
0110010010 1011000111
1010101100 0011010010
0110000011 1000001100
1001000101 0000100010
0011101011 1000111000
1010111110 1011010001
1001010011 1111101101
1110001010 1111010000
1011010101 1111100101
0101010000 0110001010
1111011010 0100111110
0010101000 1010011000
1100101110 1110101110
1001010101 1111111110
1001111000 1101111111
1001101101 1000111101
0011000000 1000100110
1010000100 0100101010
1000000101 0011111001
