00000001101000 00000111101001
11110001100110 11110101110011
00000101011100 00000011110101
00000000100110 11111011011111
11111100010000 00000101011111
11101011011100 00010011001111
00000000101100 00000000101111
11111100100000 00100000101011
11110111111001 00010001111100
11111111010011 00001011101000
11111010010010 00001101100111
11101110111110 11111010101101
00000000001001 11011111011001
00000010111101 00001010111001
11110101010101 00010100101101
11110000000001 00000101100001
11111000100000 11111010000110
11111100101110 00000101110100
00000010110000 11110010101000
11101110101110 00001001111010
00001001110101 11110100110010
11101100000101 11111000010000
11110111100000 00000110001001
11111100000010 00011011011001
00001001010101 11101010001001
00001111000011 11111110111001
11101100010100 00001011110000
11111010010100 00001101000110
00010111110001 11111011111100
00000101000101 00010000000000
11111000000001 00000101100000
00010110111001 00000100011100
00000100000000 00001011001111
11110101011110 11110101111101
00001011011000 00001001010101
11101001100110 11101101010011
00010011000000 11111001110100
11110011111000 00001000010110
00000110100111 11101111011001
00001000010101 11101001110001
00001100011001 00000110000001
11110111110101 11110010001001
11111011100011 11111110001101
00000001001111 00001010101101
00001100110100 11111010111100
00000000001100 11111101001100
00011101001000 11110100111000
00001100101000 00011110011100
11110101100111 11101001000100
00001111111101 00001000100100
11111110010100 11101001101101
11111001000000 11111111010011
11111010110001 11111011101000
11111001111011 00010101000000
11101111011100 11111010101001
00010011001000 00000101111111
00000101000101 11101111111001
11011011111011 11111010110011
11111110110101 11110111101101
11110111101011 11110001010111
00000101000100 11110111000101
11101110001100 11110100101011
00010110100111 00000100111000
11110101010001 11111011111000
