111110010100 111111001101
000001111010 000101101011
111011010010 111111100010
000110000111 000011010000
111001001110 001110100011
001100001101 111101101010
111010100111 111101110110
111100010010 111011100100
111000000110 001001011110
111001011010 000100011010
000011011110 000101010100
000010110111 111110110001
111010001000 000001001000
111011100011 110110011111
000111011100 110100000001
000011000110 110011110100
111001101011 111111000111
000100110001 000010000101
000000111011 000000110111
111001001000 111000000011
111010010111 000011101010
001100110010 111110000011
000000100101 110010110111
000010001001 000000010001
111111110001 000000011110
111110111011 110111010011
001100011100 110100000010
111110010000 111110010100
001010111100 000101011111
000100011011 110011010001
000011011111 000000100000
000100111110 000010110000
111011100111 111101111101
111100101000 001101110001
000001000111 000010101001
001010101001 111100111001
000101011110 110110110101
000110011001 111011111110
111101111111 001010010000
001001001101 111100110101
000000010000 000000010001
001000010010 000011100010
000001110111 111011110101
000010000001 000110011010
001101101101 000010111000
001101100101 000011100101
111000110011 111001001100
111000110011 111011010110
111111001110 110110101001
111110110100 111001011110
000011100100 000010001010
110100000000 110110110011
111101110100 000100010100
000011000101 110000110001
111100100001 000100000000
111101011001 000010101000
110101111000 110100111100
001000101101 111111000101
111010101000 000000011010
001011111001 111011011111
111111110010 111011001001
000011100010 001000111110
111001110101 111010110000
001000000001 111000010100
110111001111 111111110010
111111000000 111000011100
000000001101 000001011011
111000101101 000100101010
111010111011 000001010011
000001001010 110101010111
110101000111 001010010010
000000100101 001000000011
111100010110 110011010100
111111101110 110111010011
110011011001 000100101000
110001111100 000001110111
001000111100 000001011011
111111111001 001000110010
111011010100 000000101111
111010100100 000010111010
