1111001100110 1111110101111
0001000000010 0001000111011
0000011000010 1111111101011
0000010011010 0000100001100
1110011110100 0001100011000
0001000011111 1111001001101
1111110100111 0010000101101
0000010000101 1110000000100
1111011100101 0001110110011
1111100010010 0000011001010
1110100100111 0000100001010
0000101101010 0001001011101
0000001100100 1110101001001
1111110101001 1101010010010
1110010101100 0001101001000
0000010101010 0000111100100
1111010100111 1111111111110
1111101111001 1111010001001
1111000101111 1111110001111
0001010000010 1110100010110
1111010111100 1110110100010
0001110111011 1111110010100
1111001110001 0010000110011
1111101110010 1110101011000
0001100001100 1110100100001
1111101001010 1110101100110
1110011010100 0001100011100
1111001000000 1111111010101
0001110011011 0000101111111
0001001011001 1110110000001
0000111011100 0000100111111
1110000100001 0000000100010
1111100101111 0000000100101
0000111010001 0001010101001
1111010100000 1111011010011
0010000111001 0001110000001
0000011011101 0000001000100
0001111100110 1111000110011
0000111100000 1101100100100
1111111001010 0000010110011
0000010000111 1111100000110
0001010010100 0001001111100
1111110011001 0000100011100
1111101001001 1111001110000
0000110100000 1111100000101
0000110011000 1111110111011
0010100111010 0001001101101
0001000010000 1101011001101
0000010110010 1111000110100
1110010110100 1110000010000
1111011101010 1110100011111
0000010101010 1110101001100
1111010010100 0001000010101
0000000011101 1110011011010
0000001010010 0000000010100
1101110001000 1111010010100
1110000011111 1110101010110
0010100100111 1111010100011
1111011010000 1110100100010
0000011100101 0000011001011
1111001100110 1110101111000
0001011100100 0000001010010
0000101111101 0000000011000
0010000101011 0000100011110
1110111011101 0000001001101
1110111101100 1111101000111
1110111000010 1111110010111
1110011110001 1111001101101
1110000000010 0001011100101
0000001110000 1111101011011
0000101110100 1110111000001
1101101010011 1111111011100
1101111101110 1110111111100
1110001101010 1111001001011
0001000111101 1101110101100
1110101011011 1110010001111
0000100001111 0000010001010
1111010011100 0001011101100
0001101101000 0000000101100
0000101110111 1111010101011
