00000001100111 00000111101010
11111100010011 00000101100101
00000101011100 00000011110111
00000000101100 00000000110001
11110001100100 11110101110011
11101011010101 00010011001011
00000000100111 11111011011111
11111100100001 00100000101010
11110111110111 00010001111101
00000000001101 11011111011011
11111010010010 00001101100111
11110101010110 00010100101100
11111111010100 00001011101000
00000010111011 00001010110110
11101110111101 11111010101101
11110000000001 00000101100011
11111000011111 11111010000111
00001001110111 11110100110101
00000010110000 11110010100101
11110111100010 00000110001010
11111100101110 00000101110101
11101100000001 11111000001110
11101110101100 00001001111000
11111100000000 00011011011100
00001001010110 11101010000110
00010111110101 11111100000000
11101100010011 00001011110001
11110111111110 00000101100010
00001111000011 11111110111011
00000101000010 00001111111111
11111010010100 00001101000111
00010110111100 00000100011100
00000100000000 00001011001111
00010011000100 11111001110111
00001011011000 00001001010100
00000110101001 11101111011000
11110101011101 11110101111100
11110011110111 00001000010010
11101001100111 11101101010010
00001000010110 11101001110001
00001100011100 00000110000001
00001100111000 11111010111111
11111011100010 11111110001100
00011101001010 11110100111010
11110111110100 11110010001001
00000000001000 11111101001010
00000001010000 00001010101101
00001100101001 00011110100001
11110101100110 11101001000011
11111010110010 11111011101111
11111110010101 11101001101011
11101111011011 11111010101000
00001111111110 00001000100011
11111001110110 00010100111100
11111000111111 11111111010011
00010011001010 00000110000000
00000101000101 11101111111001
00000101001010 11110111001011
11111110110110 11110111101101
00010110101000 00000100110110
11011011111000 11111010110011
11101110000001 11110100100110
11110111101011 11110001010111
11110101010010 11111011111010
11101111001001 11111110010100
11110001110010 00001000111111
11101010110011 11111000000100
11110011001000 11110110011101
11111111110010 00000100000110
11101110010001 00001110001011
00000011010000 00000100101010
00011000100001 11110111100110
11100001010111 11110001000110
11111110101100 00001101110111
11111110011000 11100000111011
00010011100000 11111011010111
11111110000101 11111110110010
00001001110011 11110110011111
00010011100010 11111100011110
00000111110000 00000110000010
